// Oatmeal hard-sync BLEP residual kernels: 32 sub-sample phases x 16 taps (float32).
// Source: Oatmeal.dll .rdata 0x1007bf70..0x1007c76f (pointer table at .data 0x10081610).
// Row r is used when the master wrapped (r .. r+1)/32 of a sample before the end of the
// current sample (r = syncValue-1). Values printed with 9 significant digits (exact float round-trip).
const float32[32][16] oatmealSyncBlep = (
    /* 0*/ (-1.00000131, -0.797625899, 0.162344158, 0.0835762769, 0.0348598212, 0.0134246498, 0.00413165009, 0.000313530007, -0.000925310014, -0.000953499984, -0.000371920003, 8.51099976e-05, 0.000240459995, 0.000201710005, 8.99000006e-05, 6.57999999e-06),
    /* 1*/ (-1.00000203, -0.767548501, 0.142429069, 0.0872830227, 0.0419460982, 0.0196556896, 0.00884865969, 0.00362216006, 0.00123604003, 0.000336950005, 0.000313800003, 0.000414400012, 0.000372170005, 0.000234189996, 8.51700024e-05, 1.32000002e-06),
    /* 2*/ (-1.0000006, -0.73475647, 0.120089322, 0.0881942585, 0.0474390797, 0.0250482205, 0.0131338798, 0.00671199011, 0.00328656007, 0.00156722998, 0.000958350021, 0.000711350003, 0.00048083, 0.000253670005, 7.60399998e-05, -3.90000014e-06),
    /* 3*/ (-0.999994695, -0.699272454, 0.0959213376, 0.0863583684, 0.051190991, 0.0294305105, 0.0168418996, 0.00947466027, 0.00515284017, 0.00269262004, 0.00153790996, 0.000965219981, 0.000562959991, 0.000260030007, 6.32899973e-05, -8.8099996e-06),
    /* 4*/ (-0.999980688, -0.661162674, 0.0705491304, 0.0819056034, 0.0531156696, 0.0326700583, 0.0198514909, 0.01181655, 0.00677049998, 0.00367394998, 0.00203220011, 0.00116753997, 0.000616390025, 0.000253720005, 4.78200018e-05, -1.32200003e-05),
    /* 5*/ (-0.999953032, -0.620539248, 0.0446102284, 0.0750426576, 0.0531902388, 0.0346775614, 0.0220694896, 0.0136619499, 0.00808632001, 0.00447890023, 0.00242507993, 0.00131230999, 0.000640270009, 0.000235789994, 3.05899994e-05, -1.69899995e-05),
    /* 6*/ (-0.999903798, -0.577562809, 0.0187412705, 0.0660451278, 0.0514546894, 0.03540916, 0.0234335791, 0.0149553604, 0.00905994978, 0.00508305989, 0.00270512002, 0.00139619003, 0.000635079981, 0.000207730001, 1.26100003e-05, -2.00300001e-05),
    /* 7*/ (-0.999821723, -0.532443404, -0.00643670978, 0.0552477911, 0.0480093583, 0.0348671116, 0.0239138808, 0.0156631302, 0.00966511015, 0.00547057018, 0.00286579994, 0.00141847995, 0.000602530024, 0.000171449996, -5.14000021e-06, -2.23200004e-05),
    /* 8*/ (-0.999691665, -0.485440522, -0.0303326994, 0.0430333205, 0.0430103093, 0.0330987498, 0.0235133395, 0.0157741196, 0.00989009999, 0.00563444989, 0.00290564005, 0.00138104998, 0.000545440009, 0.000129099994, -2.17600009e-05, -2.38699995e-05),
    /* 9*/ (-0.999493659, -0.43686229, -0.052399531, 0.0298196804, 0.0366630517, 0.0301939491, 0.0222669002, 0.0152995698, 0.00973790046, 0.00557659008, 0.00282802992, 0.00128818001, 0.000467529986, 8.30200006e-05, -3.64799998e-05, -2.47299995e-05),
    /*10*/ (-0.999201655, -0.387062937, -0.0721466765, 0.0160465203, 0.0292145703, 0.0262810402, 0.0202395506, 0.0142721599, 0.00922556967, 0.00530734006, 0.00264090998, 0.00114623003, 0.00037324999, 3.55599987e-05, -4.8670001e-05, -2.49700006e-05),
    /*11*/ (-0.998782992, -0.336439341, -0.0891517401, 0.00216116011, 0.0209441595, 0.0215214603, 0.0175232608, 0.01274422, 0.00838324986, 0.00484484015, 0.0023562701, 0.000963350001, 0.00026755, -1.09599996e-05, -5.78799991e-05, -2.46700001e-05),
    /*12*/ (-0.9981969, -0.285426259, -0.10307017, -0.01139546, 0.01215328, 0.0161033794, 0.0142330397, 0.0107853096, 0.00725260004, 0.00421404978, 0.00198952993, 0.000748979975, 0.000155610003, -5.44299983e-05, -6.38499987e-05, -2.39199999e-05),
    /*13*/ (-0.997393608, -0.23449026, -0.11364311, -0.0242025107, 0.00315482006, 0.0102344304, 0.0105022397, 0.00847923011, 0.00588491, 0.00344553008, 0.00155876996, 0.000513469975, 4.26299994e-05, -9.29899979e-05, -6.65100015e-05, -2.27599994e-05),
    /*14*/ (-0.996313334, -0.184122652, -0.120702982, -0.0358720608, -0.0057377601, 0.00413388992, 0.00647724979, 0.00592048001, 0.00433886983, 0.0025740501, 0.00108391, 0.000267580006, -6.64100007e-05, -0.000125129998, -6.59700017e-05, -2.12499999e-05),
    /*15*/ (-0.994885623, -0.134831175, -0.124176651, -0.0460607484, -0.0142212203, -0.00197534007, 0.00231183995, 0.00321052992, 0.00267811003, 0.00163714995, 0.00058580999, 2.20300008e-05, -0.000166960002, -0.000149719999, -6.24899985e-05, -1.94299992e-05),
    /*16*/ (-0.993028164, -0.0871310309, -0.124086224, -0.0544798002, -0.0220127292, -0.00787482038, -0.00183859002, 0.000453810004, 0.000968649983, 0.000673489994, 8.54399987e-05, -0.000212989995, -0.000255060004, -0.000166049998, -5.64900001e-05, -1.73200006e-05),
    /*17*/ (-0.990646482, -0.0415349491, -0.120547168, -0.0609031804, -0.0288591906, -0.0133582801, -0.0058228001, -0.00224620011, -0.000723659992, -0.000278599997, -0.000397030002, -0.000428169995, -0.000327520014, -0.000173869994, -4.84800003e-05, -1.49300004e-05),
    /*18*/ (-0.987633824, 0.00145701994, -0.113764092, -0.0651736483, -0.0345453806, -0.0182387196, -0.00949910004, -0.00479087979, -0.00233565993, -0.00118268002, -0.000842950016, -0.000615459983, -0.000381999998, -0.000173330001, -3.9049999e-05, -1.23099999e-05),
    /*19*/ (-0.983870685, 0.0413681306, -0.104024, -0.067206502, -0.0389005989, -0.0223547798, -0.0127403904, -0.00708995992, -0.00380918011, -0.00200552004, -0.00123594003, -0.000768369995, -0.000417050003, -0.000164979996, -2.881e-05, -9.49999958e-06),
    /*20*/ (-0.979225814, 0.0777555034, -0.0916874334, -0.066990912, -0.0418037586, -0.0255759396, -0.0154384598, -0.00906470977, -0.00509310979, -0.00271826005, -0.00156241003, -0.000882109976, -0.000432200002, -0.000149710002, -1.83699995e-05, -6.57999999e-06),
    /*21*/ (-0.973556459, 0.110220447, -0.0771775991, -0.0645889416, -0.0431865416, -0.0278066099, -0.0175075606, -0.0106505798, -0.00614512991, -0.00329744001, -0.00181205, -0.000953789975, -0.000427839987, -0.000128689993, -8.31000034e-06, -3.67000007e-06),
    /*22*/ (-0.966709971, 0.138418242, -0.0609678812, -0.060132131, -0.0430347808, -0.0289888307, -0.0188869908, -0.01179922, -0.00693303999, -0.00372567005, -0.00197806, -0.000982410042, -0.000405239989, -0.000103300001, 8.80000016e-07, -9.09999983e-07),
    /*23*/ (-0.95852524, 0.1620671, -0.0435679592, -0.0538159683, -0.0413878784, -0.0291035492, -0.0195428301, -0.0124799004, -0.00743567012, -0.0039921198, -0.00205732998, -0.000968839973, -0.000366399996, -7.50600011e-05, 8.76000013e-06, 1.54999998e-06),
    /*24*/ (-0.948835254, 0.180956021, -0.0255091302, -0.0458923094, -0.0383364111, -0.0281705502, -0.0194685105, -0.0126801701, -0.00764336018, -0.00409269007, -0.00205039, -0.000915670011, -0.000313939992, -4.55199988e-05, 1.50400001e-05, 3.56999999e-06),
    /*25*/ (-0.937469542, 0.194951296, -0.00732900016, -0.0366601087, -0.0340179205, -0.0262468904, -0.0186844599, -0.0124058397, -0.00755797001, -0.0040299301, -0.00196124008, -0.000827069976, -0.00025094999, -1.61999997e-05, 1.95299999e-05, 5.02000012e-06),
    /*26*/ (-0.924257338, 0.204001576, 0.01044372, -0.0264548101, -0.0286112707, -0.0234241001, -0.0172367208, -0.0116803003, -0.00719243009, -0.00381271006, -0.00179708004, -0.000708490028, -0.00018083, 1.14699997e-05, 2.21499995e-05, 5.80999995e-06),
    /*27*/ (-0.909031451, 0.208140895, 0.0273041707, -0.0156366006, -0.0223295707, -0.0198240895, -0.0151946303, -0.0105431397, -0.00656988984, -0.00345562003, -0.00156782998, -0.000566410017, -0.000107129999, 3.62399987e-05, 2.29399993e-05, 5.92000015e-06),
    /*28*/ (-0.891632318, 0.207490161, 0.0427853987, -0.00457814988, -0.0154120298, -0.0155942095, -0.0126477601, -0.00904827006, -0.00572255021, -0.00297818007, -0.00128564995, -0.000407979998, -3.33399985e-05, 5.70699995e-05, 2.20399997e-05, 5.33999992e-06),
    /*29*/ (-0.871912122, 0.202256307, 0.0564711615, 0.00634791004, -0.00811512955, -0.0109013095, -0.00970210973, -0.00726146018, -0.00469009997, -0.00240391004, -0.000964339997, -0.000240730005, 3.71999995e-05, 7.31999971e-05, 1.96599995e-05, 4.12000009e-06),
    /*30*/ (-0.84973973, 0.192729607, 0.0680071935, 0.0167812891, -0.00070325, -0.00592532009, -0.00647582021, -0.00525762001, -0.00351796998, -0.00175923004, -0.000618710008, -7.21899996e-05, 0.000101500002, 8.41299989e-05, 1.60799991e-05, 2.3099999e-06),
    /*31*/ (-0.825005472, 0.179278776, 0.077110447, 0.0263857599, 0.00656072982, -0.000852449972, -0.00309450994, -0.00311765005, -0.00225541997, -0.00107232004, -0.000263930007, 9.04199987e-05, 0.000157009999, 8.96700003e-05, 1.161e-05, 0)
);
